Version 0.9.7
6
 4 60 78 77 128 0 1
 5 80 400 206 81 2 2
 0 171 127 877 276 8 3
 1 701 19 206 81 140 4
 3 638 721 203 58 150 6
 0 544 413 877 276 159 8
 0
52
 128 5 121 92 121 91 151 91 151 141 224 141 224 141 0 1 0 3
 128 5 991 141 991 141 991 141 1364 141 1364 427 1364 427 0 3 0 8
 16384 5 610 661 610 661 610 758 610 758 649 758 649 758 0 8 0 6
 16384 5 237 375 243 375 243 663 597 663 597 661 597 661 0 3 0 8
 128 5 939 141 939 141 932 141 932 232 939 232 939 232 0 3 0 3
 16384 5 1017 297 1017 297 1017 375 1017 375 991 375 991 375 0 3 0 3
 16384 5 883 583 883 583 891 583 891 661 883 661 883 661 0 8 0 8
 128 5 805 518 805 518 794 518 794 427 805 427 805 427 0 8 0 8
 128 5 716 30 716 30 679 30 679 30 679 141 679 141 0 4 0 3
 16384 5 224 375 224 375 164 375 164 165 121 165 121 165 0 3 0 1
 16384 5 121 152 137 152 137 110 716 110 716 88 716 88 0 1 0 4
 16711935 5 890 56 890 56 952 56 952 56 952 232 952 232 0 4 0 3
 16711935 5 844 518 844 518 844 500 857 500 857 518 857 518 0 8 0 8
 16711935 5 965 232 965 216 867 216 867 518 870 518 870 518 0 3 0 8
 16711935 5 883 518 883 518 908 518 908 765 824 765 824 765 0 8 0 6
 128 5 770 232 770 232 757 232 757 141 770 141 770 141 0 3 0 3
 16384 5 848 297 848 297 852 297 852 375 848 375 848 375 0 3 0 3
 128 5 640 232 640 232 633 232 633 141 640 141 640 141 0 3 0 3
 16384 5 718 297 718 297 726 297 726 375 718 375 718 375 0 3 0 3
 16744448 5 833 56 833 56 833 50 673 50 673 232 666 232 0 4 0 3
 16744448 5 795 56 795 61 660 61 660 232 653 232 653 232 0 4 0 3
 16744448 5 679 232 679 232 679 232 692 232 692 232 692 232 0 3 0 3
 4227327 5 890 43 890 43 879 43 879 211 835 211 835 232 0 4 0 3
 4227327 5 822 232 822 202 859 202 859 43 871 43 871 43 0 3 0 4
 4227327 5 848 232 848 232 839 232 839 272 783 272 783 297 0 3 0 3
 33023 5 852 56 852 62 800 62 800 232 796 232 796 232 0 4 0 3
 33023 5 814 56 814 56 783 56 783 56 783 232 783 232 0 4 0 3
 33023 5 809 232 809 241 759 241 759 297 770 297 770 297 0 3 0 3
 255 5 796 297 796 297 796 262 705 262 705 232 705 232 0 3 0 3
 16711935 5 692 219 692 219 692 211 804 211 804 297 809 297 0 3 0 3
 16711935 5 718 232 718 232 718 254 822 254 822 297 822 297 0 3 0 3
 16776960 5 835 297 835 297 835 287 939 287 939 297 939 297 0 3 0 3
 16776960 5 952 297 952 297 952 456 831 456 831 518 831 518 0 3 0 8
 128 5 250 232 250 232 241 232 241 141 250 141 250 141 0 3 0 3
 128 5 380 232 380 232 372 232 372 141 380 141 380 141 0 3 0 3
 16384 5 328 297 328 297 334 297 334 375 328 375 328 375 0 3 0 3
 16384 5 458 297 458 297 467 297 467 375 458 375 458 375 0 3 0 3
 16776960 5 458 232 479 232 479 491 818 491 818 518 818 518 0 3 0 8
 65535 5 432 232 432 232 432 222 419 222 419 232 419 232 0 3 0 3
 65535 5 445 232 445 232 445 213 328 213 328 232 328 232 0 3 0 3
 65280 5 302 232 302 232 302 214 289 214 289 232 289 232 0 3 0 3
 65280 5 315 232 315 232 315 38 814 38 814 43 814 43 0 3 0 4
 255 5 276 232 276 232 276 2 890 2 890 30 890 30 0 3 0 4
 255 5 852 30 852 30 852 13 263 13 263 232 263 232 0 4 0 3
 12615680 5 406 232 406 232 406 261 283 261 283 297 276 297 0 3 0 3
 12615680 5 393 232 387 232 387 21 795 21 795 30 795 30 0 3 0 4
 12615935 5 250 297 250 297 250 8 814 8 814 30 814 30 0 3 0 4
 12615935 5 263 297 263 297 263 322 406 322 406 297 406 297 0 3 0 3
 33023 5 833 43 833 49 359 49 359 291 380 291 380 297 0 4 0 3
 33023 5 393 297 393 297 393 345 315 345 315 297 315 297 0 3 0 3
 4227072 5 302 297 302 118 870 118 870 56 871 56 871 56 0 3 0 4
 4227072 5 852 43 852 43 289 43 289 43 289 297 289 297 0 4 0 3
6
 7008 1 14 799 531 5 0 0 8583448 8
 7004 1 14 933 245 5 0 0 8583448 3
 7008 1 14 634 245 5 0 0 8583448 3
 7008 1 14 244 245 5 0 0 8583448 3
 7032 1 14 374 245 5 0 0 8583448 3
 7032 1 14 764 245 5 0 0 8583448 3
