Version 0.9.7
6
 4 10 175 77 128 0 1
 5 80 400 206 81 2 2
 0 110 110 877 276 8 3
 0 109 414 877 276 140 4
 1 186 23 206 81 272 5
 3 312 728 203 58 288 6
 0
53
 16384 5 71 249 71 249 107 249 107 137 163 137 163 137 0 1 0 3
 128 5 71 189 71 189 82 189 82 124 163 124 163 124 0 1 0 3
 128 5 176 124 176 124 176 34 176 34 201 34 201 34 0 3 0 5
 16384 5 189 137 189 137 195 137 195 92 201 92 201 92 0 3 0 5
 16384 5 71 262 71 262 90 262 90 675 162 675 162 675 0 1 0 4
 16384 5 323 765 323 765 175 765 175 765 175 675 175 675 0 6 0 4
 128 5 71 202 71 202 99 202 99 428 162 428 162 428 0 1 0 4
 128 5 253 519 253 519 244 519 244 428 253 428 253 428 0 4 0 4
 128 5 474 519 474 484 461 484 461 428 474 428 474 428 0 4 0 4
 128 5 254 215 254 215 244 215 244 124 254 124 254 124 0 3 0 3
 128 5 514 215 514 215 495 215 495 124 514 124 514 124 0 3 0 3
 128 5 709 215 709 215 687 215 687 124 709 124 709 124 0 3 0 3
 16384 5 71 275 71 275 57 275 57 441 162 441 162 441 0 1 0 4
 16384 5 332 280 332 280 340 280 340 441 331 441 331 441 0 3 0 4
 16384 5 592 280 592 280 599 280 599 441 591 441 591 441 0 3 0 4
 16384 5 787 280 787 280 794 280 794 428 786 428 786 428 0 3 0 4
 16384 5 331 584 331 584 339 584 339 675 331 675 331 675 0 4 0 4
 16384 5 552 584 552 584 564 584 564 675 552 675 552 675 0 4 0 4
 16711808 5 375 60 375 60 375 115 270 115 270 215 267 215 0 5 0 3
 16711808 5 337 60 337 104 287 104 287 215 280 215 280 215 0 5 0 3
 16711808 5 293 215 293 215 293 203 306 203 306 215 306 215 0 3 0 3
 16711808 5 299 60 299 60 311 60 311 215 319 215 319 215 0 5 0 3
 16711808 5 332 215 332 215 332 201 527 201 527 215 527 215 0 3 0 3
 8388863 5 356 60 324 60 324 271 254 271 254 280 254 280 0 5 0 3
 8388863 5 337 47 337 12 220 12 220 288 267 288 267 280 0 5 0 3
 8388863 5 280 280 280 280 280 288 514 288 514 280 514 280 0 3 0 3
 16776960 5 318 60 315 60 315 302 522 302 522 280 527 280 0 5 0 3
 16776960 5 540 280 536 280 536 492 266 492 266 519 266 519 0 3 0 4
 16776960 5 299 47 299 53 139 53 139 507 279 507 279 519 0 5 0 4
 16776960 5 292 519 292 509 549 509 549 280 553 280 553 280 0 4 0 3
 255 5 280 60 272 60 272 104 560 104 560 280 566 280 0 5 0 3
 255 5 579 280 579 280 579 264 540 264 540 215 540 215 0 3 0 3
 255 5 553 215 553 180 517 180 517 463 305 463 305 519 0 3 0 4
 16711935 5 375 47 375 47 375 38 712 38 712 215 722 215 0 5 0 3
 16711935 5 356 47 356 47 356 53 735 53 735 215 735 215 0 5 0 3
 16711935 5 748 215 748 215 748 201 761 201 761 215 761 215 0 3 0 3
 16711680 5 337 34 337 34 349 34 349 252 709 252 709 280 0 5 0 3
 16711680 5 299 34 299 21 682 21 682 291 722 291 722 280 0 5 0 3
 16711680 5 735 280 735 280 735 268 767 268 767 215 774 215 0 3 0 3
 65280 5 318 34 318 4 229 4 229 596 253 596 253 584 0 5 0 4
 65280 5 280 47 280 41 240 41 240 614 266 614 266 584 0 5 0 4
 65280 5 279 584 279 584 279 600 292 600 292 584 292 584 0 4 0 4
 65280 5 787 215 787 215 787 640 305 640 305 584 305 584 0 3 0 4
 65280 5 318 584 318 584 318 604 748 604 748 280 748 280 0 4 0 3
 65280 5 279 610 279 610 279 650 761 650 761 280 761 280 0 4 0 3
 65280 5 774 280 774 280 774 498 487 498 487 519 487 519 0 3 0 4
 255 5 500 519 500 519 500 471 318 471 318 519 318 519 0 4 0 4
 255 5 375 34 375 34 482 34 482 584 474 584 474 584 0 5 0 4
 255 5 487 584 493 584 493 562 847 562 847 519 851 519 0 4 0 4
 128 5 838 519 838 519 838 519 838 428 838 428 838 428 0 4 0 4
 32768 5 916 584 916 584 941 584 941 682 916 682 916 675 0 4 0 4
 16711808 5 331 519 331 519 331 457 864 457 864 519 864 519 0 4 0 4
 16711808 5 877 519 877 519 885 519 885 772 498 772 498 772 0 4 0 6
6
 7008 1 14 248 228 5 0 0 8583448 3
 7008 1 14 247 532 5 0 0 8583448 4
 7032 1 14 508 228 5 0 0 8583448 3
 7032 1 14 703 228 5 0 0 8583448 3
 7004 1 14 468 532 5 0 0 8583448 4
 7008 1 14 832 532 5 0 0 8583448 4
