Version 0.9.7
6
 4 15 170 77 128 0 1
 5 80 400 206 81 2 2
 0 112 164 877 276 8 3
 1 133 485 206 81 140 4
 6 234 29 449 130 150 7
 3 24 68 203 58 183 8
 0
44
 4259584 5 256 269 256 269 256 262 349 262 349 152 349 152 0 3 0 7
 32768 5 243 269 243 269 336 269 336 269 336 152 336 152 0 3 0 7
 33023 5 271 152 271 152 271 243 271 243 269 243 269 243 0 7 0 3
 33023 5 284 152 284 152 284 243 284 243 282 243 282 243 0 7 0 3
 33023 5 297 152 297 152 297 243 297 243 295 243 295 243 0 7 0 3
 33023 5 310 152 310 152 310 243 310 243 308 243 308 243 0 7 0 3
 33023 5 323 152 323 152 323 243 323 243 321 243 321 243 0 7 0 3
 255 5 230 269 230 269 230 269 230 191 230 191 230 191 0 3 0 3
 255 5 76 184 76 184 165 184 165 184 165 191 165 191 0 1 0 3
 0 5 321 334 321 334 321 334 321 412 321 412 321 412 0 3 0 3
 255 5 148 496 148 496 148 197 148 197 76 197 76 197 0 4 0 1
 65793 5 76 283 76 283 91 283 91 554 148 554 148 554 0 1 0 4
 65793 5 76 270 76 270 101 270 101 412 165 412 165 412 0 1 0 3
 255 5 76 210 76 210 61 210 61 49 250 49 250 56 0 1 0 7
 0 5 76 257 76 257 35 257 35 257 35 105 35 105 0 1 0 8
 255 5 516 269 516 269 516 269 516 191 516 191 516 191 0 3 0 3
 255 5 685 269 685 269 685 269 685 191 685 191 685 191 0 3 0 3
 255 5 854 269 854 269 854 269 854 191 854 191 854 191 0 3 0 3
 0 5 763 334 763 334 763 334 763 412 763 412 763 412 0 3 0 3
 0 5 932 334 932 334 932 334 932 412 932 412 932 412 0 3 0 3
 0 5 594 334 594 334 594 334 594 412 594 412 594 412 0 3 0 3
 16711680 5 322 509 322 518 510 518 510 334 516 334 516 334 0 4 0 3
 16711680 5 529 334 522 334 522 453 677 453 677 334 685 334 0 3 0 3
 16711680 5 672 191 672 191 672 327 698 327 698 334 698 334 0 3 0 3
 16711680 5 711 334 711 334 711 462 308 462 308 334 308 334 0 3 0 3
 32768 5 685 347 685 347 685 389 854 389 854 334 854 334 0 3 0 3
 32768 5 698 347 698 347 698 382 867 382 867 334 867 334 0 3 0 3
 33023 5 303 509 303 509 303 535 542 535 542 334 542 334 0 4 0 3
 33023 5 555 334 555 334 555 347 724 347 724 334 724 334 0 3 0 3
 33023 5 737 334 737 334 737 349 880 349 880 334 880 334 0 3 0 3
 33023 5 230 334 230 334 230 441 750 441 750 334 750 334 0 3 0 3
 65535 5 724 360 724 360 724 366 893 366 893 334 893 334 0 3 0 3
 65535 5 737 360 737 360 906 360 906 360 906 334 906 334 0 3 0 3
 65535 5 919 334 919 334 919 321 698 321 698 269 698 269 0 3 0 3
 65535 5 284 509 284 500 560 500 560 334 568 334 568 334 0 4 0 3
 65535 5 581 334 603 334 603 277 711 277 711 269 711 269 0 3 0 3
 65535 5 243 334 243 334 243 436 724 436 724 269 724 269 0 3 0 3
 16711808 5 698 256 698 256 698 245 867 245 867 269 867 269 0 3 0 3
 16711808 5 711 256 711 256 880 256 880 256 880 269 880 269 0 3 0 3
 16711808 5 893 269 893 269 893 285 737 285 737 269 737 269 0 3 0 3
 16776960 5 265 509 265 509 529 509 529 509 529 269 529 269 0 4 0 3
 16776960 5 542 269 542 269 542 269 750 269 750 269 750 269 0 3 0 3
 16776960 5 295 334 295 334 295 323 763 323 763 269 763 269 0 3 0 3
 16776960 5 210 112 210 112 210 496 210 496 265 496 265 496 0 8 0 4
4
 7047 1 16 224 282 5 0 1977260080 0 3
 7004 1 14 510 282 5 0 1977260080 0 3
 7086 1 14 679 282 5 0 1977260080 0 3
 7008 1 14 848 282 5 0 1977260080 0 3
