Version 0.9.7
6
 4 9 265 77 128 0 1
 5 80 400 206 81 2 2
 0 107 184 877 276 8 3
 0 697 518 877 276 140 4
 1 110 61 206 81 272 5
 6 1089 248 449 130 282 8
 0
7
 255 5 1105 275 1105 275 1105 38 41 38 41 279 70 279 0 8 0 1
 255 5 70 292 70 292 86 292 86 72 125 72 125 72 0 1 0 5
 255 5 70 305 70 305 102 305 102 198 160 198 160 198 0 1 0 3
 255 5 70 318 70 318 98 318 98 532 750 532 750 532 0 1 0 4
 16384 5 70 339 70 339 93 339 93 130 125 130 125 130 0 1 0 5
 16384 5 70 352 70 352 91 352 91 432 160 432 160 432 0 1 0 3
 16384 5 70 365 70 365 82 365 82 766 750 766 750 766 0 1 0 4
7
 7047 1 16 1121 636 5 0 0 8583448 4
 7008 1 14 245 302 5 0 0 8583448 3
 7008 1 14 375 302 5 0 0 8583448 3
 7008 1 14 635 302 5 0 0 8583448 3
 7004 1 14 128 302 5 0 0 8583448 3
 7086 1 14 505 302 5 0 0 8583448 3
 7032 1 14 765 302 5 0 0 8583448 3
