Version 0.9.7
8
 4 13 214 77 128 0 1
 5 133 238 206 81 2 2
 0 442 158 877 276 8 3
 0 439 476 877 276 140 4
 3 771 760 203 58 272 5
 3 502 766 203 58 281 6
 6 1341 741 449 130 290 7
 0 436 851 877 276 332 9
 1
78
 16384 5 74 314 74 314 148 314 148 314 148 307 148 307 0 1 0 2
 255 5 74 241 74 241 148 241 148 241 148 249 148 249 0 1 0 2
 16711935 5 306 275 306 275 306 297 1041 297 1041 328 1041 328 0 2 0 3
 16384 5 74 327 74 327 423 327 423 185 495 185 495 185 0 1 0 3
 255 5 74 228 74 228 412 228 412 406 495 406 495 406 0 1 0 3
 255 5 573 328 573 328 578 328 578 406 573 406 573 406 0 3 0 3
 255 5 768 328 768 328 775 328 775 406 768 406 768 406 0 3 0 3
 255 5 1028 328 1028 328 1033 328 1033 406 1028 406 1028 406 0 3 0 3
 16384 5 560 263 560 263 567 263 567 185 560 185 560 185 0 3 0 3
 16384 5 755 263 755 263 761 263 761 185 755 185 755 185 0 3 0 3
 16384 5 1015 263 1015 263 1022 263 1022 185 1015 185 1015 185 0 3 0 3
 255 5 560 328 560 328 564 328 564 406 560 406 560 406 0 3 0 3
 255 5 755 328 755 328 760 328 760 406 755 406 755 406 0 3 0 3
 255 5 1015 328 1015 328 1021 328 1021 406 1015 406 1015 406 0 3 0 3
 255 5 1067 263 1067 263 1093 263 1093 263 1093 406 1093 406 0 3 0 3
 255 5 807 263 807 263 846 263 846 263 846 406 846 406 0 3 0 3
 255 5 612 263 612 263 638 263 638 263 638 406 638 406 0 3 0 3
 255 5 716 263 716 263 694 263 694 406 703 406 703 406 0 3 0 3
 255 5 976 263 976 263 952 263 952 406 963 406 963 406 0 3 0 3
 255 5 521 263 521 263 513 263 513 406 521 406 521 406 0 3 0 3
 255 5 573 263 573 263 573 271 625 271 625 406 625 406 0 3 0 3
 255 5 768 263 768 263 768 272 835 272 835 406 833 406 0 3 0 3
 255 5 1028 263 1028 263 1028 271 1081 271 1081 406 1080 406 0 3 0 3
 16711680 5 1041 263 1053 263 1053 288 970 288 970 328 976 328 0 3 0 3
 16711680 5 989 263 985 263 985 286 789 286 789 328 781 328 0 3 0 3
 16711680 5 781 263 781 263 781 292 709 292 709 328 716 328 0 3 0 3
 16711680 5 729 263 729 257 593 257 593 328 586 328 586 328 0 3 0 3
 255 5 729 328 729 328 734 328 734 406 729 406 729 406 0 3 0 3
 255 5 794 328 794 328 799 328 799 406 794 406 794 406 0 3 0 3
 255 5 989 328 989 328 982 328 982 406 989 406 989 406 0 3 0 3
 255 5 1054 328 1054 328 1059 328 1059 406 1054 406 1054 406 0 3 0 3
 255 5 599 328 599 328 605 328 605 406 599 406 599 406 0 3 0 3
 255 5 534 328 534 328 539 328 539 406 534 406 534 406 0 3 0 3
 255 5 885 406 885 406 892 406 892 581 895 581 895 581 0 3 0 4
 16384 5 1236 185 1236 180 1383 180 1383 731 1246 731 1246 724 0 3 0 4
 16384 5 973 646 973 646 981 646 981 724 986 724 986 724 0 4 0 4
 16384 5 782 797 782 797 792 797 792 724 778 724 778 724 0 5 0 4
 16711808 5 1041 250 1041 250 1047 250 1047 815 957 815 957 804 0 3 0 5
 16711808 5 989 250 989 250 1009 250 1009 831 937 831 937 804 0 3 0 5
 16711808 5 781 250 781 250 770 250 770 834 917 834 917 804 0 3 0 5
 16711808 5 729 250 721 250 721 844 897 844 897 804 897 804 0 3 0 5
 16777088 5 989 237 989 237 989 230 921 230 921 581 921 581 0 3 0 4
 16777088 5 729 237 729 237 729 230 908 230 908 581 908 581 0 3 0 4
 16777088 5 742 328 742 328 742 571 934 571 934 581 934 581 0 3 0 4
 16777088 5 934 568 934 561 819 561 819 328 807 328 807 328 0 4 0 3
 16777088 5 1002 328 1002 328 1002 555 1002 555 934 555 934 555 0 3 0 4
 16777088 5 1067 328 1067 328 1067 542 1067 542 934 542 934 542 0 3 0 4
 16384 5 518 724 518 724 502 724 502 803 513 803 513 803 0 4 0 6
 16711808 5 586 263 586 263 599 263 599 830 688 830 688 810 0 3 0 6
 255 5 1106 406 1106 406 1106 878 1106 878 1100 878 1100 878 0 3 0 9
 16384 5 492 724 492 724 402 724 402 1099 489 1099 489 1099 0 4 0 9
 255 5 840 878 840 878 830 878 830 956 840 956 840 956 0 9 0 9
 255 5 1139 956 1139 956 1128 956 1128 878 1139 878 1139 878 0 9 0 9
 16384 5 931 1021 931 1021 939 1021 939 1099 931 1099 931 1099 0 9 0 9
 16384 5 1230 1021 1230 1021 1237 1021 1237 1099 1230 1099 1230 1099 0 9 0 9
 255 5 1132 406 1132 406 1126 406 1126 768 1357 768 1357 768 0 3 0 7
 65280 5 918 1021 918 1028 499 1028 499 250 586 250 586 250 0 9 0 3
 32768 5 905 1021 905 1021 905 1021 905 1099 905 1099 905 1099 0 9 0 9
 32768 5 853 1021 853 1021 858 1021 858 1099 866 1099 866 1099 0 9 0 9
 32768 5 840 1021 840 1021 834 1021 834 1099 840 1099 840 1099 0 9 0 9
 32768 5 931 956 931 956 931 907 1638 907 1638 864 1638 864 0 9 0 7
 32768 5 918 956 918 956 918 899 1625 899 1625 864 1625 864 0 9 0 7
 32768 5 905 956 905 956 905 891 1612 891 1612 864 1612 864 0 9 0 7
 32768 5 892 956 892 956 892 883 1599 883 1599 864 1599 864 0 9 0 7
 32768 5 1586 864 1586 864 1586 870 879 870 879 956 879 956 0 7 0 9
 32768 5 1664 864 1664 864 1664 979 866 979 866 956 866 956 0 7 0 9
 32768 5 1651 864 1651 864 1651 987 853 987 853 956 853 956 0 7 0 9
 65280 5 1217 1021 1217 1032 1116 1032 1116 237 1041 237 1041 237 0 9 0 3
 65280 5 989 224 989 224 1133 224 1133 1021 1139 1021 1139 1021 0 3 0 9
 65280 5 781 237 781 237 1144 237 1144 1021 1152 1021 1152 1021 0 3 0 9
 65280 5 729 224 729 224 752 224 752 994 1204 994 1204 1021 0 3 0 9
 16711680 5 1152 956 1152 956 1152 1003 1755 1003 1755 864 1755 864 0 9 0 7
 16711680 5 1165 956 1165 956 1165 996 1768 996 1768 864 1768 864 0 9 0 7
 16711680 5 1178 956 1178 956 1178 970 1690 970 1690 864 1690 864 0 9 0 7
 16711680 5 1191 956 1191 956 1191 940 1703 940 1703 864 1703 864 0 9 0 7
 16711680 5 1204 956 1204 956 1204 930 1716 930 1716 864 1716 864 0 9 0 7
 16711680 5 1729 864 1729 864 1729 920 1217 920 1217 956 1217 956 0 7 0 9
 16711680 5 1742 864 1742 864 1742 956 1742 956 1230 956 1230 956 0 7 0 9
6
 7076 1 16 710 276 5 0 0 8583448 3
 7076 1 16 970 276 5 0 0 8583448 3
 7076 1 16 515 276 5 0 0 8583448 3
 7000 1 14 889 594 5 0 0 8583448 4
 7047 1 16 1133 969 5 0 0 8583448 9
 7047 1 16 834 969 5 0 0 8583448 9
