Version 0.9.7
5
 4 10 175 77 128 0 1
 5 219 505 206 81 2 2
 0 558 365 877 276 18 4
 0 241 41 877 276 286 6
 6 1204 39 449 130 455 8
 1
16
 255 5 71 189 71 189 103 189 103 516 234 516 234 516 0 1 0 2
 4210688 5 71 249 71 249 93 249 93 574 234 574 234 574 0 1 0 2
 255 5 392 542 413 542 413 582 663 582 663 535 663 535 0 2 0 4
 255 5 392 529 406 529 406 599 858 599 858 535 858 535 0 2 0 4
 255 5 676 470 676 470 676 460 405 460 405 516 392 516 0 4 0 2
 255 5 294 55 294 39 57 39 57 202 71 202 71 202 0 6 0 1
 4210688 5 71 262 111 262 111 327 294 327 294 302 294 302 0 1 0 6
 4210688 5 346 211 346 211 354 211 354 302 346 302 346 302 0 6 0 6
 4210688 5 528 211 528 211 534 211 534 302 528 302 528 302 0 6 0 6
 4210688 5 710 211 710 211 716 211 716 302 710 302 710 302 0 6 0 6
 4210688 5 866 211 866 211 875 211 875 302 866 302 866 302 0 6 0 6
 255 5 307 55 307 25 233 25 233 146 268 146 268 146 0 6 0 6
 255 5 450 55 450 55 441 55 441 146 450 146 450 146 0 6 0 6
 255 5 632 55 632 55 626 55 626 146 632 146 632 146 0 6 0 6
 255 5 788 146 788 146 778 146 778 55 788 55 788 55 0 6 0 6
 255 5 1061 55 1061 55 1061 26 1202 26 1202 66 1220 66 0 6 0 8
6
 7074 1 14 631 483 5 0 0 8583448 4
 7004 1 14 262 159 5 0 0 8583448 6
 7008 1 14 444 159 5 0 0 8583448 6
 7008 1 14 626 159 5 0 0 8583448 6
 7032 1 14 782 159 5 0 0 8583448 6
 7074 1 14 826 483 5 0 0 8583448 4
