Version 0.9.7
6
 4 10 175 77 128 0 1
 5 80 400 206 81 2 2
 0 190 190 877 276 8 3
 0 191 471 877 276 272 5
 3 195 769 203 58 404 6
 1 614 76 206 81 457 8
 0
36
 16711680 5 71 189 71 189 243 189 243 189 243 204 243 204 0 1 0 3
 16711680 5 71 288 71 288 71 467 244 467 244 485 244 485 0 1 0 5
 16711680 5 347 360 347 360 347 485 347 485 348 485 348 485 0 3 0 5
 16711680 5 542 360 542 360 542 485 542 485 543 485 543 485 0 3 0 5
 16711680 5 581 204 581 204 581 87 581 87 629 87 629 87 0 3 0 8
 16711680 5 629 145 629 145 608 145 608 145 608 485 608 485 0 8 0 5
 16711808 5 295 360 295 360 295 392 464 392 464 360 464 360 0 3 0 3
 16711808 5 308 295 308 295 308 384 477 384 477 360 477 360 0 3 0 3
 4259584 5 670 100 670 100 321 100 321 100 321 295 321 295 0 8 0 3
 4259584 5 708 100 708 100 708 94 334 94 334 295 334 295 0 8 0 3
 4259584 5 347 295 347 295 347 366 503 366 503 360 503 360 0 3 0 3
 255 5 321 813 311 813 311 413 490 413 490 360 490 360 0 6 0 3
 32768 5 206 806 206 806 157 806 157 515 257 515 257 485 0 6 0 5
 32768 5 491 641 491 641 504 641 504 641 504 485 504 485 0 5 0 5
 32768 5 933 641 933 641 946 641 946 641 946 485 946 485 0 5 0 5
 255 5 854 204 854 204 846 204 846 576 855 576 855 576 0 3 0 5
 255 5 412 204 412 204 412 576 412 576 413 576 413 576 0 3 0 5
 255 5 464 295 464 295 464 295 464 204 464 204 464 204 0 3 0 3
 255 5 269 204 269 204 269 204 269 295 269 295 269 295 0 3 0 3
 16711680 5 689 87 689 87 689 49 282 49 282 295 282 295 0 8 0 3
 16711680 5 295 295 295 295 295 40 708 40 708 87 708 87 0 3 0 8
 12615680 5 269 360 253 360 253 65 670 65 670 87 670 87 0 3 0 8
 12615680 5 727 87 727 87 727 16 269 16 269 360 282 360 0 8 0 3
 33023 5 727 100 727 100 823 100 823 650 855 650 855 641 0 8 0 5
 33023 5 689 113 689 113 702 113 702 664 868 664 868 641 0 8 0 5
 33023 5 881 641 881 641 881 649 894 649 894 641 894 641 0 5 0 5
 33023 5 894 680 894 680 907 680 907 680 907 641 907 641 0 5 0 5
 33023 5 920 641 920 641 920 829 381 829 381 813 381 813 0 5 0 6
 16776960 5 670 113 670 113 477 113 477 113 477 295 477 295 0 8 0 3
 16776960 5 708 113 708 113 708 107 490 107 490 295 490 295 0 8 0 3
 16776960 5 503 295 503 295 503 274 516 274 516 295 516 295 0 3 0 3
 16776960 5 881 654 881 654 881 658 529 658 529 295 529 295 0 5 0 3
 16776960 5 542 295 542 248 353 248 353 813 341 813 341 813 0 3 0 6
 65535 5 295 399 295 399 295 649 413 649 413 641 413 641 0 3 0 5
 65535 5 308 282 308 282 380 282 380 660 426 660 426 641 0 3 0 5
 65535 5 439 641 439 641 439 846 361 846 361 813 361 813 0 5 0 6
4
 7008 1 14 263 308 5 0 0 8583448 3
 7008 1 14 458 308 5 0 0 8583448 3
 7386 1 14 407 589 5 0 0 8583448 5
 7000 1 14 849 589 5 0 0 8583448 5
