Version 0.9.7
7
 4 10 175 77 128 0 1
 5 80 400 206 81 2 2
 0 150 150 877 276 8 3
 0 149 458 877 276 140 4
 1 291 45 206 81 272 5
 3 1097 395 203 58 282 6
 1 664 43 206 81 291 8
 0
58
 4227072 5 306 114 306 114 99 114 99 249 71 249 71 249 0 5 0 1
 4227072 5 679 112 679 134 108 134 108 262 71 262 71 262 0 8 0 1
 4227072 5 71 275 71 275 140 275 140 177 203 177 203 177 0 1 0 3
 255 5 679 54 679 38 59 38 59 202 71 202 71 202 0 8 0 1
 255 5 71 215 71 215 125 215 125 164 203 164 203 164 0 1 0 3
 255 5 306 56 306 56 71 56 71 56 71 189 71 189 0 5 0 1
 255 5 229 164 229 164 229 164 229 255 229 255 229 255 0 3 0 3
 255 5 424 164 424 164 421 164 421 255 424 255 424 255 0 3 0 3
 255 5 788 164 788 164 788 164 788 255 788 255 788 255 0 3 0 3
 255 5 71 228 71 228 126 228 126 472 202 472 202 472 0 1 0 4
 32768 5 71 288 71 288 117 288 117 485 202 485 202 485 0 1 0 4
 32768 5 1108 432 1108 432 986 432 986 485 969 485 969 485 0 6 0 4
 32768 5 320 177 320 177 323 177 323 320 307 320 307 320 0 3 0 3
 32768 5 515 177 515 177 515 320 515 320 502 320 502 320 0 3 0 3
 32768 5 879 177 879 177 879 320 879 320 866 320 866 320 0 3 0 3
 32768 5 319 485 319 485 319 628 319 628 306 628 306 628 0 4 0 4
 32768 5 514 485 514 485 514 628 514 628 501 628 501 628 0 4 0 4
 255 5 228 472 228 472 229 472 229 563 228 563 228 563 0 4 0 4
 255 5 423 563 423 563 420 563 420 472 423 472 423 472 0 4 0 4
 16711808 5 480 82 480 90 202 90 202 557 241 557 241 563 0 5 0 4
 16711808 5 853 80 844 80 844 142 194 142 194 563 254 563 0 8 0 4
 65280 5 267 563 273 563 273 556 1283 556 1283 439 1283 439 0 4 0 6
 16711808 5 480 69 480 69 480 62 433 62 433 255 437 255 0 5 0 3
 16711808 5 853 67 853 67 853 75 437 75 437 255 450 255 0 8 0 3
 16711808 5 242 255 235 255 235 231 457 231 457 255 463 255 0 3 0 3
 8388863 5 461 82 461 75 248 75 248 255 255 255 255 255 0 5 0 3
 8388863 5 463 242 463 242 463 234 477 234 477 242 476 242 0 3 0 3
 8388863 5 489 242 489 226 467 226 467 69 461 69 461 69 0 3 0 5
 8388863 5 268 255 273 255 273 313 424 313 424 320 424 320 0 3 0 3
 8388863 5 834 80 834 24 523 24 523 327 437 327 437 320 0 8 0 3
 8388863 5 502 255 502 255 502 277 780 277 780 320 788 320 0 3 0 3
 8388863 5 450 320 450 320 450 340 796 340 796 320 801 320 0 3 0 3
 33023 5 814 320 809 320 809 438 287 438 287 563 280 563 0 3 0 4
 33023 5 293 563 293 563 301 563 301 25 442 25 442 69 0 4 0 5
 33023 5 268 242 268 242 268 249 281 249 281 242 281 242 0 3 0 3
 33023 5 834 67 834 130 287 130 287 255 294 255 294 255 0 8 0 3
 65280 5 307 255 307 255 307 452 1263 452 1263 439 1263 439 0 3 0 6
 16744448 5 306 550 306 550 209 550 209 635 228 635 228 628 0 4 0 4
 16744448 5 306 563 306 563 414 563 414 628 423 628 423 628 0 4 0 4
 33023 5 814 333 814 333 442 333 442 563 449 563 449 563 0 3 0 4
 33023 5 442 56 442 56 429 56 429 563 436 563 436 563 0 5 0 4
 33023 5 815 80 1036 80 1036 660 234 660 234 628 241 628 0 8 0 4
 65280 5 254 628 248 628 248 705 1243 705 1243 439 1243 439 0 4 0 6
 33023 5 815 54 1059 54 1059 648 431 648 431 628 436 628 0 8 0 4
 16744576 5 462 563 455 563 455 374 821 374 821 320 827 320 0 4 0 3
 16744576 5 449 628 449 636 833 636 833 320 840 320 840 320 0 4 0 3
 16744576 5 853 320 846 320 846 691 262 691 262 628 267 628 0 3 0 4
 16744576 5 423 56 414 56 414 620 280 620 280 628 280 628 0 5 0 4
 16744576 5 293 628 301 628 301 673 457 673 457 628 462 628 0 4 0 4
 16744576 5 796 67 796 61 536 61 536 605 475 605 475 628 0 8 0 4
 16744576 5 488 628 488 620 742 620 742 250 801 250 801 255 0 4 0 3
 65280 5 827 255 827 255 1191 255 1191 439 1203 439 1203 439 0 3 0 6
 65280 5 255 320 264 320 264 461 1223 461 1223 439 1223 439 0 3 0 6
 16744576 5 242 320 242 328 769 328 769 39 796 39 796 54 0 3 0 8
 16744448 5 853 333 861 333 861 569 475 569 475 563 475 563 0 3 0 4
 16744448 5 423 69 394 69 394 540 496 540 496 563 488 563 0 5 0 4
 16744448 5 501 563 501 563 713 563 713 262 814 262 814 255 0 4 0 3
 16744448 5 293 641 293 641 238 641 238 320 229 320 229 320 0 4 0 3
5
 7008 1 14 418 268 5 0 0 8583448 3
 7086 1 14 223 268 5 0 0 8583448 3
 7008 1 14 417 576 5 0 0 8583448 4
 7086 1 14 222 576 5 0 0 8583448 4
 7032 1 14 782 268 5 0 0 8583448 3
